180
838
351
734
68
18
409
242
417
750
644
15
647
740
268
145
495
984
192
175
87
478
420
251
647
370
466
942
576
388
843
620
801
701
299
589
679
566
641
208
214
95
690
921
352
295
183
701
472
261
999
855
318
390
414
384
752
521
215
187
815
494
53
297
180
201
545
679
62
964
871
678
372
729
125
225
959
631
188
722
781
978
124
977
75
827
25
323
917
669
565
732
312
725
69
488
163
563
434
230
143
202
119
231
872
80
146
178
86
519
431
23
238
851
889
387
178
456
143
428
629
785
1
40
713
443
336
340
728
751
415
794
225
883
93
648
141
934
707
189
401
94
41
978
20
265
598
260
139
686
167
880
379
420
481
418
745
234
700
404
422
541
710
557
833
62
344
645
791
301
835
636
40
263
97
973
942
764
200
73
876
69
537
671
819
1
776
76
948
141
441
164
181
224
778
701
479
846
833
617
889
224
286
209
410
864
35
636
244
506
991
818
281
28
26
18
824
632
5
916
668
771
652
666
904
909
842
937
84
595
943
558
373
510
105
317
978
161
247
15
66
349
347
324
16
665
986
680
277
308
642
908
299
481
609
979
494
114
608
93
902
703
66
180
490
720
204
968
227
186
242
456
384
995
111
191
135
760
929
909
494
335
3
37
375
782
712
435
209
650
878
49
244
665
162
12
578
721
209
925
367
130
688
546
488
50
753
857
831
674
769
670
240
432
761
625
102
852
740
544
588
737
904
62
398
450
764
696
49
927
985
846
519
120
503
557
833
239
954
816
813
125
670
772
260
762
719
850
267
472
196
198
803
91
645
92
222
435
800
319
552
834
126
332
872
177
221
137
156
641
992
927
946
869
283
811
988
355
170
388
615
428
163
298
745
472
942
899
119
906
615
806
25
321
21
630
567
917
26
490
904
906
54
399
229
902
19
66
416
669
649
300
670
718
532
401
707
669
433
754
25
9
77
125
899
287
999
893
769
273
216
2
141
858
691
197
945
112
77
339
677
95
522
98
511
29
697
260
433
542
1
258
854
386
698
509
372
471
917
839
918
26
191
21
276
927
767
278
771
878
781
552
415
926
166
80
199
960
117
429
944
162
509
565
794
214
333
660
119
126
449
69
439
629
831
882
743
708
585
845
175
670
783
551
227
26
231
925
702
14
659
564
619
956
717
42
672
64
116
102
278
833
970
992
197
707
864
357
336
814
716
638
974
970
244
432
221
966
849
648
647
527
905
268
301
225
745
706
210
996
191
41
115
275
228
238
792
119
209
785
527
719
265
426
146
314
593
389
507
338
862
661
487
893
882
126
322
148
848
425
457
136
61
569
773
425
459
249
701
877
683
509
141
632
812
684
683
870
90
995
45
676
265
268
425
757
498
783
820
811
572
427
518
255
869
263
180
220
211
40
944
831
462
458
815
991
830
622
426
273
818
649
757
134
403
6
669
624
323
52
279
293
890
766
504
523
783
222
485
1000
48
89
379
110
751
129
64
85
362
815
711
306
371
301
598
721
298
20
246
952
688
652
534
310
211
548
579
441
904
297
674
864
593
155
765
652
831
18
552
943
818
238
8
638
177
633
461
39
414
932
435
856
212
860
9
764
704
836
650
505
651
889
305
564
536
564
205
106
78
488
575
153
569
677
943
807
968
662
307
127
47
476
560
519
228
13
75
828
554
452
913
134
637
615
960
692
816
559
803
295
395
249
261
349
301
671
474
290
724
753
138
152
898
297
753
231
127
771
917
220
914
765
321
254
305
279
63
997
541
518
793
781
798
213
290
333
940
170
306
507
314
653
507
218
424
3
195
674
534
351
86
527
868
711
756
314
875
228
599
384
725
913
601
100
69
284
745
196
313
361
60
400
361
931
374
534
578
685
61
138
641
724
529
808
175
386
488
557
403
147
577
345
718
677
620
313
793
743
807
255
734
114
304
382
825
426
252
371
799
453
589
410
685
363
899
497
426
902
295
405
696
255
993
988
470
697
126
435
712
155
181
89
930
867
269
588
659
784
465
837
581
452
168
480
194
35
638
370
894
193
309
444
606
108
155
628
579
668
650
385
252
327
581
551
345
571
892
957
853
62
133
753
270
259
225
711
653
802
581
124
278
148
579
858
756
990
502
703
933
491
625
348
996
540
659
229
895
802
330
58
798
487
123
47
242
412
817
237
658
600
983
15
895
394
261
1
234
536
882
365
852
738
951
238
883
522
229
482
878
714
239
392
750
106
924
627
412
354
48
848
396
160
560
807
859
343
321
823
152
54